51
5
2
0
0
0 1 1000000 0
0 2 1000000 0
0 3 1000000 0
0 4 1000000 0
0 5 1000000 0
0 6 1000000 0
0 7 1000000 0
0 8 1000000 0
0 9 1000000 0
0 10 1000000 0
0 11 1000000 0
0 12 1000000 0
0 13 1000000 0
0 14 1000000 0
0 15 1000000 0
0 16 1000000 0
0 17 1000000 0
0 18 1000000 0
0 19 1000000 0
0 20 1000000 0
0 21 1000000 0
0 22 1000000 0
0 23 1000000 0
0 24 1000000 0
0 25 1000000 0
0 26 1000000 0
0 27 1000000 0
0 28 1000000 0
0 29 1000000 0
0 30 1000000 0
0 31 1000000 0
0 32 1000000 0
0 33 1000000 0
0 34 1000000 0
0 35 1000000 0
0 36 1000000 0
0 37 1000000 0
0 38 1000000 0
0 39 1000000 0
0 40 1000000 0
0 41 1000000 0
0 42 1000000 0
0 43 1000000 0
0 44 1000000 0
0 45 1000000 0
0 46 1000000 0
0 47 1000000 0
0 48 1000000 0
0 49 1000000 0
0 50 1000000 0
1 2 1 10
1 3 2 20
1 4 3 30
1 5 4 40
1 6 5 50
1 7 1 10
1 8 1 10
1 9 1 10
1 10 2 20
1 11 3 30
1 12 4 40
1 13 5 50
1 14 2 20
1 15 2 20
1 16 2 20
1 17 3 30
1 18 4 40
1 19 4 40
1 20 5 50
1 21 3 30
1 22 3 30
1 23 3 30
1 24 4 40
1 25 4 40
1 26 5 50
1 27 6 60
1 28 4 40
1 29 4 40
1 30 4 40
1 31 4 40
1 32 5 50
1 33 6 60
1 34 6 60
1 35 5 50
1 36 5 50
1 37 5 50
1 38 5 50
1 39 6 60
1 40 6 60
1 41 7 70
1 42 6 60
1 43 6 60
1 44 6 60
1 45 6 60
1 46 7 70
1 47 7 70
1 48 8 80
1 49 7 70
1 50 141 141
2 3 1 10
2 4 2 20
2 5 3 30
2 6 4 40
2 7 2 20
2 8 1 10
2 9 1 10
2 10 1 10
2 11 2 20
2 12 3 30
2 13 4 40
2 14 3 30
2 15 2 20
2 16 2 20
2 17 2 20
2 18 3 30
2 19 4 40
2 20 4 40
2 21 4 40
2 22 3 30
2 23 3 30
2 24 3 30
2 25 4 40
2 26 4 40
2 27 5 50
2 28 4 40
2 29 4 40
2 30 4 40
2 31 4 40
2 32 4 40
2 33 5 50
2 34 6 60
2 35 5 50
2 36 5 50
2 37 5 50
2 38 5 50
2 39 5 50
2 40 6 60
2 41 6 60
2 42 6 60
2 43 6 60
2 44 6 60
2 45 6 60
2 46 6 60
2 47 7 70
2 48 7 70
2 49 7 70
2 50 140 140
3 4 1 10
3 5 2 20
3 6 3 30
3 7 3 30
3 8 2 20
3 9 1 10
3 10 1 10
3 11 1 10
3 12 2 20
3 13 3 30
3 14 4 40
3 15 3 30
3 16 2 20
3 17 2 20
3 18 2 20
3 19 3 30
3 20 4 40
3 21 4 40
3 22 4 40
3 23 3 30
3 24 3 30
3 25 3 30
3 26 4 40
3 27 4 40
3 28 5 50
3 29 4 40
3 30 4 40
3 31 4 40
3 32 4 40
3 33 4 40
3 34 5 50
3 35 6 60
3 36 5 50
3 37 5 50
3 38 5 50
3 39 5 50
3 40 5 50
3 41 6 60
3 42 7 70
3 43 6 60
3 44 6 60
3 45 6 60
3 46 6 60
3 47 6 60
3 48 7 70
3 49 8 80
3 50 139 139
4 5 1 10
4 6 2 20
4 7 4 40
4 8 3 30
4 9 2 20
4 10 1 10
4 11 1 10
4 12 1 10
4 13 2 20
4 14 4 40
4 15 4 40
4 16 3 30
4 17 2 20
4 18 2 20
4 19 2 20
4 20 3 30
4 21 5 50
4 22 4 40
4 23 4 40
4 24 3 30
4 25 3 30
4 26 3 30
4 27 4 40
4 28 6 60
4 29 5 50
4 30 4 40
4 31 4 40
4 32 4 40
4 33 4 40
4 34 4 40
4 35 6 60
4 36 6 60
4 37 5 50
4 38 5 50
4 39 5 50
4 40 5 50
4 41 5 50
4 42 7 70
4 43 7 70
4 44 6 60
4 45 6 60
4 46 6 60
4 47 6 60
4 48 6 60
4 49 8 80
4 50 139 139
5 6 1 10
5 7 5 50
5 8 4 40
5 9 3 30
5 10 2 20
5 11 1 10
5 12 1 10
5 13 1 10
5 14 5 50
5 15 4 40
5 16 4 40
5 17 3 30
5 18 2 20
5 19 2 20
5 20 2 20
5 21 6 60
5 22 5 50
5 23 4 40
5 24 4 40
5 25 3 30
5 26 3 30
5 27 3 30
5 28 6 60
5 29 6 60
5 30 5 50
5 31 4 40
5 32 4 40
5 33 4 40
5 34 4 40
5 35 7 70
5 36 6 60
5 37 6 60
5 38 5 50
5 39 5 50
5 40 5 50
5 41 5 50
5 42 8 80
5 43 7 70
5 44 7 70
5 45 6 60
5 46 6 60
5 47 6 60
5 48 6 60
5 49 9 90
5 50 138 138
6 7 6 60
6 8 5 50
6 9 4 40
6 10 3 30
6 11 2 20
6 12 1 10
6 13 1 10
6 14 6 60
6 15 5 50
6 16 4 40
6 17 4 40
6 18 3 30
6 19 2 20
6 20 2 20
6 21 7 70
6 22 6 60
6 23 5 50
6 24 4 40
6 25 4 40
6 26 3 30
6 27 3 30
6 28 7 70
6 29 6 60
6 30 6 60
6 31 5 50
6 32 4 40
6 33 4 40
6 34 4 40
6 35 8 80
6 36 7 70
6 37 6 60
6 38 6 60
6 39 5 50
6 40 5 50
6 41 5 50
6 42 8 80
6 43 8 80
6 44 7 70
6 45 7 70
6 46 6 60
6 47 6 60
6 48 6 60
6 49 9 90
6 50 137 137
7 8 1 10
7 9 2 20
7 10 3 30
7 11 4 40
7 12 5 50
7 13 6 60
7 14 1 10
7 15 1 10
7 16 2 20
7 17 3 30
7 18 4 40
7 19 5 50
7 20 6 60
7 21 2 20
7 22 2 20
7 23 3 30
7 24 4 40
7 25 4 40
7 26 5 50
7 27 6 60
7 28 3 30
7 29 3 30
7 30 4 40
7 31 4 40
7 32 5 50
7 33 6 60
7 34 7 70
7 35 4 40
7 36 4 40
7 37 4 40
7 38 5 50
7 39 6 60
7 40 6 60
7 41 7 70
7 42 5 50
7 43 5 50
7 44 5 50
7 45 6 60
7 46 6 60
7 47 7 70
7 48 8 80
7 49 6 60
7 50 141 141
8 9 1 10
8 10 2 20
8 11 3 30
8 12 4 40
8 13 5 50
8 14 1 10
8 15 1 10
8 16 1 10
8 17 2 20
8 18 3 30
8 19 4 40
8 20 5 50
8 21 2 20
8 22 2 20
8 23 2 20
8 24 3 30
8 25 4 40
8 26 4 40
8 27 5 50
8 28 3 30
8 29 3 30
8 30 3 30
8 31 4 40
8 32 4 40
8 33 5 50
8 34 6 60
8 35 4 40
8 36 4 40
8 37 4 40
8 38 4 40
8 39 5 50
8 40 6 60
8 41 6 60
8 42 5 50
8 43 5 50
8 44 5 50
8 45 5 50
8 46 6 60
8 47 6 60
8 48 7 70
8 49 6 60
8 50 140 140
9 10 1 10
9 11 2 20
9 12 3 30
9 13 4 40
9 14 2 20
9 15 1 10
9 16 1 10
9 17 1 10
9 18 2 20
9 19 3 30
9 20 4 40
9 21 3 30
9 22 2 20
9 23 2 20
9 24 2 20
9 25 3 30
9 26 4 40
9 27 4 40
9 28 4 40
9 29 3 30
9 30 3 30
9 31 3 30
9 32 4 40
9 33 4 40
9 34 5 50
9 35 4 40
9 36 4 40
9 37 4 40
9 38 4 40
9 39 4 40
9 40 5 50
9 41 6 60
9 42 5 50
9 43 5 50
9 44 5 50
9 45 5 50
9 46 5 50
9 47 6 60
9 48 6 60
9 49 6 60
9 50 139 139
10 11 1 10
10 12 2 20
10 13 3 30
10 14 3 30
10 15 2 20
10 16 1 10
10 17 1 10
10 18 1 10
10 19 2 20
10 20 3 30
10 21 4 40
10 22 3 30
10 23 2 20
10 24 2 20
10 25 2 20
10 26 3 30
10 27 4 40
10 28 4 40
10 29 4 40
10 30 3 30
10 31 3 30
10 32 3 30
10 33 4 40
10 34 4 40
10 35 5 50
10 36 4 40
10 37 4 40
10 38 4 40
10 39 4 40
10 40 4 40
10 41 5 50
10 42 6 60
10 43 5 50
10 44 5 50
10 45 5 50
10 46 5 50
10 47 5 50
10 48 6 60
10 49 7 70
10 50 139 139
11 12 1 10
11 13 2 20
11 14 4 40
11 15 3 30
11 16 2 20
11 17 1 10
11 18 1 10
11 19 1 10
11 20 2 20
11 21 4 40
11 22 4 40
11 23 3 30
11 24 2 20
11 25 2 20
11 26 2 20
11 27 3 30
11 28 5 50
11 29 4 40
11 30 4 40
11 31 3 30
11 32 3 30
11 33 3 30
11 34 4 40
11 35 6 60
11 36 5 50
11 37 4 40
11 38 4 40
11 39 4 40
11 40 4 40
11 41 4 40
11 42 6 60
11 43 6 60
11 44 5 50
11 45 5 50
11 46 5 50
11 47 5 50
11 48 5 50
11 49 7 70
11 50 138 138
12 13 1 10
12 14 5 50
12 15 4 40
12 16 3 30
12 17 2 20
12 18 1 10
12 19 1 10
12 20 1 10
12 21 5 50
12 22 4 40
12 23 4 40
12 24 3 30
12 25 2 20
12 26 2 20
12 27 2 20
12 28 6 60
12 29 5 50
12 30 4 40
12 31 4 40
12 32 3 30
12 33 3 30
12 34 3 30
12 35 6 60
12 36 6 60
12 37 5 50
12 38 4 40
12 39 4 40
12 40 4 40
12 41 4 40
12 42 7 70
12 43 6 60
12 44 6 60
12 45 5 50
12 46 5 50
12 47 5 50
12 48 5 50
12 49 8 80
12 50 137 137
13 14 6 60
13 15 5 50
13 16 4 40
13 17 3 30
13 18 2 20
13 19 1 10
13 20 1 10
13 21 6 60
13 22 5 50
13 23 4 40
13 24 4 40
13 25 3 30
13 26 2 20
13 27 2 20
13 28 7 70
13 29 6 60
13 30 5 50
13 31 4 40
13 32 4 40
13 33 3 30
13 34 3 30
13 35 7 70
13 36 6 60
13 37 6 60
13 38 5 50
13 39 4 40
13 40 4 40
13 41 4 40
13 42 8 80
13 43 7 70
13 44 6 60
13 45 6 60
13 46 5 50
13 47 5 50
13 48 5 50
13 49 8 80
13 50 137 137
14 15 1 10
14 16 2 20
14 17 3 30
14 18 4 40
14 19 5 50
14 20 6 60
14 21 1 10
14 22 1 10
14 23 2 20
14 24 3 30
14 25 4 40
14 26 5 50
14 27 6 60
14 28 2 20
14 29 2 20
14 30 3 30
14 31 4 40
14 32 4 40
14 33 5 50
14 34 6 60
14 35 3 30
14 36 3 30
14 37 4 40
14 38 4 40
14 39 5 50
14 40 6 60
14 41 7 70
14 42 4 40
14 43 4 40
14 44 4 40
14 45 5 50
14 46 6 60
14 47 6 60
14 48 7 70
14 49 5 50
14 50 140 140
15 16 1 10
15 17 2 20
15 18 3 30
15 19 4 40
15 20 5 50
15 21 1 10
15 22 1 10
15 23 1 10
15 24 2 20
15 25 3 30
15 26 4 40
15 27 5 50
15 28 2 20
15 29 2 20
15 30 2 20
15 31 3 30
15 32 4 40
15 33 4 40
15 34 5 50
15 35 3 30
15 36 3 30
15 37 3 30
15 38 4 40
15 39 4 40
15 40 5 50
15 41 6 60
15 42 4 40
15 43 4 40
15 44 4 40
15 45 4 40
15 46 5 50
15 47 6 60
15 48 6 60
15 49 5 50
15 50 139 139
16 17 1 10
16 18 2 20
16 19 3 30
16 20 4 40
16 21 2 20
16 22 1 10
16 23 1 10
16 24 1 10
16 25 2 20
16 26 3 30
16 27 4 40
16 28 3 30
16 29 2 20
16 30 2 20
16 31 2 20
16 32 3 30
16 33 4 40
16 34 4 40
16 35 4 40
16 36 3 30
16 37 3 30
16 38 3 30
16 39 4 40
16 40 4 40
16 41 5 50
16 42 4 40
16 43 4 40
16 44 4 40
16 45 4 40
16 46 4 40
16 47 5 50
16 48 6 60
16 49 5 50
16 50 139 139
17 18 1 10
17 19 2 20
17 20 3 30
17 21 3 30
17 22 2 20
17 23 1 10
17 24 1 10
17 25 1 10
17 26 2 20
17 27 3 30
17 28 4 40
17 29 3 30
17 30 2 20
17 31 2 20
17 32 2 20
17 33 3 30
17 34 4 40
17 35 4 40
17 36 4 40
17 37 3 30
17 38 3 30
17 39 3 30
17 40 4 40
17 41 4 40
17 42 5 50
17 43 4 40
17 44 4 40
17 45 4 40
17 46 4 40
17 47 4 40
17 48 5 50
17 49 6 60
17 50 138 138
18 19 1 10
18 20 2 20
18 21 4 40
18 22 3 30
18 23 2 20
18 24 1 10
18 25 1 10
18 26 1 10
18 27 2 20
18 28 4 40
18 29 4 40
18 30 3 30
18 31 2 20
18 32 2 20
18 33 2 20
18 34 3 30
18 35 5 50
18 36 4 40
18 37 4 40
18 38 3 30
18 39 3 30
18 40 3 30
18 41 4 40
18 42 6 60
18 43 5 50
18 44 4 40
18 45 4 40
18 46 4 40
18 47 4 40
18 48 4 40
18 49 6 60
18 50 137 137
19 20 1 10
19 21 5 50
19 22 4 40
19 23 3 30
19 24 2 20
19 25 1 10
19 26 1 10
19 27 1 10
19 28 5 50
19 29 4 40
19 30 4 40
19 31 3 30
19 32 2 20
19 33 2 20
19 34 2 20
19 35 6 60
19 36 5 50
19 37 4 40
19 38 4 40
19 39 3 30
19 40 3 30
19 41 3 30
19 42 6 60
19 43 6 60
19 44 5 50
19 45 4 40
19 46 4 40
19 47 4 40
19 48 4 40
19 49 7 70
19 50 136 136
20 21 6 60
20 22 5 50
20 23 4 40
20 24 3 30
20 25 2 20
20 26 1 10
20 27 1 10
20 28 6 60
20 29 5 50
20 30 4 40
20 31 4 40
20 32 3 30
20 33 2 20
20 34 2 20
20 35 7 70
20 36 6 60
20 37 5 50
20 38 4 40
20 39 4 40
20 40 3 30
20 41 3 30
20 42 7 70
20 43 6 60
20 44 6 60
20 45 5 50
20 46 4 40
20 47 4 40
20 48 4 40
20 49 8 80
20 50 136 136
21 22 1 10
21 23 2 20
21 24 3 30
21 25 4 40
21 26 5 50
21 27 6 60
21 28 1 10
21 29 1 10
21 30 2 20
21 31 3 30
21 32 4 40
21 33 5 50
21 34 6 60
21 35 2 20
21 36 2 20
21 37 3 30
21 38 4 40
21 39 4 40
21 40 5 50
21 41 6 60
21 42 3 30
21 43 3 30
21 44 4 40
21 45 4 40
21 46 5 50
21 47 6 60
21 48 7 70
21 49 4 40
21 50 139 139
22 23 1 10
22 24 2 20
22 25 3 30
22 26 4 40
22 27 5 50
22 28 1 10
22 29 1 10
22 30 1 10
22 31 2 20
22 32 3 30
22 33 4 40
22 34 5 50
22 35 2 20
22 36 2 20
22 37 2 20
22 38 3 30
22 39 4 40
22 40 4 40
22 41 5 50
22 42 3 30
22 43 3 30
22 44 3 30
22 45 4 40
22 46 4 40
22 47 5 50
22 48 6 60
22 49 4 40
22 50 139 139
23 24 1 10
23 25 2 20
23 26 3 30
23 27 4 40
23 28 2 20
23 29 1 10
23 30 1 10
23 31 1 10
23 32 2 20
23 33 3 30
23 34 4 40
23 35 3 30
23 36 2 20
23 37 2 20
23 38 2 20
23 39 3 30
23 40 4 40
23 41 4 40
23 42 4 40
23 43 3 30
23 44 3 30
23 45 3 30
23 46 4 40
23 47 4 40
23 48 5 50
23 49 4 40
23 50 138 138
24 25 1 10
24 26 2 20
24 27 3 30
24 28 3 30
24 29 2 20
24 30 1 10
24 31 1 10
24 32 1 10
24 33 2 20
24 34 3 30
24 35 4 40
24 36 3 30
24 37 2 20
24 38 2 20
24 39 2 20
24 40 3 30
24 41 4 40
24 42 4 40
24 43 4 40
24 44 3 30
24 45 3 30
24 46 3 30
24 47 4 40
24 48 4 40
24 49 5 50
24 50 137 137
25 26 1 10
25 27 2 20
25 28 4 40
25 29 3 30
25 30 2 20
25 31 1 10
25 32 1 10
25 33 1 10
25 34 2 20
25 35 4 40
25 36 4 40
25 37 3 30
25 38 2 20
25 39 2 20
25 40 2 20
25 41 3 30
25 42 5 50
25 43 4 40
25 44 4 40
25 45 3 30
25 46 3 30
25 47 3 30
25 48 4 40
25 49 6 60
25 50 136 136
26 27 1 10
26 28 5 50
26 29 4 40
26 30 3 30
26 31 2 20
26 32 1 10
26 33 1 10
26 34 1 10
26 35 5 50
26 36 4 40
26 37 4 40
26 38 3 30
26 39 2 20
26 40 2 20
26 41 2 20
26 42 6 60
26 43 5 50
26 44 4 40
26 45 4 40
26 46 3 30
26 47 3 30
26 48 3 30
26 49 6 60
26 50 136 136
27 28 6 60
27 29 5 50
27 30 4 40
27 31 3 30
27 32 2 20
27 33 1 10
27 34 1 10
27 35 6 60
27 36 5 50
27 37 4 40
27 38 4 40
27 39 3 30
27 40 2 20
27 41 2 20
27 42 7 70
27 43 6 60
27 44 5 50
27 45 4 40
27 46 4 40
27 47 3 30
27 48 3 30
27 49 7 70
27 50 135 135
28 29 1 10
28 30 2 20
28 31 3 30
28 32 4 40
28 33 5 50
28 34 6 60
28 35 1 10
28 36 1 10
28 37 2 20
28 38 3 30
28 39 4 40
28 40 5 50
28 41 6 60
28 42 2 20
28 43 2 20
28 44 3 30
28 45 4 40
28 46 4 40
28 47 5 50
28 48 6 60
28 49 3 30
28 50 139 139
29 30 1 10
29 31 2 20
29 32 3 30
29 33 4 40
29 34 5 50
29 35 1 10
29 36 1 10
29 37 1 10
29 38 2 20
29 39 3 30
29 40 4 40
29 41 5 50
29 42 2 20
29 43 2 20
29 44 2 20
29 45 3 30
29 46 4 40
29 47 4 40
29 48 5 50
29 49 3 30
29 50 138 138
30 31 1 10
30 32 2 20
30 33 3 30
30 34 4 40
30 35 2 20
30 36 1 10
30 37 1 10
30 38 1 10
30 39 2 20
30 40 3 30
30 41 4 40
30 42 3 30
30 43 2 20
30 44 2 20
30 45 2 20
30 46 3 30
30 47 4 40
30 48 4 40
30 49 4 40
30 50 137 137
31 32 1 10
31 33 2 20
31 34 3 30
31 35 3 30
31 36 2 20
31 37 1 10
31 38 1 10
31 39 1 10
31 40 2 20
31 41 3 30
31 42 4 40
31 43 3 30
31 44 2 20
31 45 2 20
31 46 2 20
31 47 3 30
31 48 4 40
31 49 4 40
31 50 136 136
32 33 1 10
32 34 2 20
32 35 4 40
32 36 3 30
32 37 2 20
32 38 1 10
32 39 1 10
32 40 1 10
32 41 2 20
32 42 4 40
32 43 4 40
32 44 3 30
32 45 2 20
32 46 2 20
32 47 2 20
32 48 3 30
32 49 5 50
32 50 136 136
33 34 1 10
33 35 5 50
33 36 4 40
33 37 3 30
33 38 2 20
33 39 1 10
33 40 1 10
33 41 1 10
33 42 5 50
33 43 4 40
33 44 4 40
33 45 3 30
33 46 2 20
33 47 2 20
33 48 2 20
33 49 6 60
33 50 135 135
34 35 6 60
34 36 5 50
34 37 4 40
34 38 3 30
34 39 2 20
34 40 1 10
34 41 1 10
34 42 6 60
34 43 5 50
34 44 4 40
34 45 4 40
34 46 3 30
34 47 2 20
34 48 2 20
34 49 7 70
34 50 134 134
35 36 1 10
35 37 2 20
35 38 3 30
35 39 4 40
35 40 5 50
35 41 6 60
35 42 1 10
35 43 1 10
35 44 2 20
35 45 3 30
35 46 4 40
35 47 5 50
35 48 6 60
35 49 2 20
35 50 138 138
36 37 1 10
36 38 2 20
36 39 3 30
36 40 4 40
36 41 5 50
36 42 1 10
36 43 1 10
36 44 1 10
36 45 2 20
36 46 3 30
36 47 4 40
36 48 5 50
36 49 2 20
36 50 137 137
37 38 1 10
37 39 2 20
37 40 3 30
37 41 4 40
37 42 2 20
37 43 1 10
37 44 1 10
37 45 1 10
37 46 2 20
37 47 3 30
37 48 4 40
37 49 3 30
37 50 136 136
38 39 1 10
38 40 2 20
38 41 3 30
38 42 3 30
38 43 2 20
38 44 1 10
38 45 1 10
38 46 1 10
38 47 2 20
38 48 3 30
38 49 4 40
38 50 136 136
39 40 1 10
39 41 2 20
39 42 4 40
39 43 3 30
39 44 2 20
39 45 1 10
39 46 1 10
39 47 1 10
39 48 2 20
39 49 4 40
39 50 135 135
40 41 1 10
40 42 5 50
40 43 4 40
40 44 3 30
40 45 2 20
40 46 1 10
40 47 1 10
40 48 1 10
40 49 5 50
40 50 134 134
41 42 6 60
41 43 5 50
41 44 4 40
41 45 3 30
41 46 2 20
41 47 1 10
41 48 1 10
41 49 6 60
41 50 134 134
42 43 1 10
42 44 2 20
42 45 3 30
42 46 4 40
42 47 5 50
42 48 6 60
42 49 1 10
42 50 137 137
43 44 1 10
43 45 2 20
43 46 3 30
43 47 4 40
43 48 5 50
43 49 1 10
43 50 137 137
44 45 1 10
44 46 2 20
44 47 3 30
44 48 4 40
44 49 2 20
44 50 136 136
45 46 1 10
45 47 2 20
45 48 3 30
45 49 3 30
45 50 135 135
46 47 1 10
46 48 2 20
46 49 4 40
46 50 134 134
47 48 1 10
47 49 5 50
47 50 134 134
48 49 6 60
48 50 133 133
49 50 137 137
